7 24
-0.131102 -0.143344 7.51086 0.999619 0.026176 -0.00872355 0.000228434
0 -2 0 1 0 0 0
-2 1 0 1 0 0 0
0.5 0.75 0 1 0 0 0
0.7 0 0 1 0 0 0
-0.5 0.75 0 1 0 0 0
-0.7 0 0 1 0 0 0
0.375 -0.75 0 1 0 0 0
0 -1 0 1 0 0 0
-0.375 -0.75 0 1 0 0 0
0 -1 0 1 0 0 0
0 0.75 0 1 0 0 0
2 1 0 1 0 0 0
0.5 0.75 0 1 0 0 0
0.7 0 0 1 0 0 0
-0.5 0.75 0 1 0 0 0
-0.7 0 0 1 0 0 0
0.375 -0.75 0 1 0 0 0
0 -1 0 1 0 0 0
-0.375 -0.75 0 1 0 0 0
0 -1 0 1 0 0 0
0 0.75 0 1 0 0 0
4 3 5 1 0 0 0
-4 1 -4 1 0 0 0
-0.131102 -0.143344 7.51086 0.999619 0.026176 -0.00872355 0.000228434
0 -2 0 1 0 0 0
-2 1 0 1 0 0 0
0.5 0.75 0 1 0 0 0
0.7 0 0 1 0 0 0
-0.5 0.75 0 1 0 0 0
-0.7 0 0 1 0 0 0
0.375 -0.75 0 1 0 0 0
0 -1 0 1 0 0 0
-0.375 -0.75 0 1 0 0 0
0 -1 0 1 0 0 0
0 0.75 0 1 0 0 0
2 1 -2.91434e-16 0.796425 0.0920626 -0.59696 0.0294961
0.5 0.75 0 1 0 0 0
0.7 0 0 1 0 0 0
-0.5 0.75 0 1 0 0 0
-0.7 0 0 1 0 0 0
0.375 -0.75 0 1 0 0 0
0 -1 0 1 0 0 0
-0.375 -0.75 0 1 0 0 0
0 -1 0 1 0 0 0
0 0.75 0 1 0 0 0
4 3 5 1 0 0 0
-4 1 -4 1 0 0 0
-0.131102 -0.143344 7.51086 0.999619 0.026176 -0.00872355 0.000228434
0 -2 0 1 0 0 0
-2 1 0 1 0 0 0
0.5 0.75 0 1 0 0 0
0.7 0 0 1 0 0 0
-0.5 0.75 0 1 0 0 0
-0.7 0 0 1 0 0 0
0.375 -0.75 0 1 0 0 0
0 -1 0 1 0 0 0
-0.375 -0.75 0 1 0 0 0
0 -1 0 1 0 0 0
0 0.75 0 1 0 0 0
1.60437 2.8135 0.0881502 0.796425 0.0920626 -0.59696 0.0294961
0.5 0.75 0 1 0 0 0
0.7 0 0 1 0 0 0
-0.5 0.75 0 1 0 0 0
-0.7 0 0 1 0 0 0
0.375 -0.75 0 1 0 0 0
0 -1 0 1 0 0 0
-0.375 -0.75 0 1 0 0 0
0 -1 0 1 0 0 0
0 0.75 0 1 0 0 0
4 3 5 1 0 0 0
-4 1 -4 1 0 0 0
-0.131102 -0.143344 7.51086 0.999619 0.026176 -0.00872355 0.000228434
0 -2 0 1 0 0 0
-2 1 0 1 0 0 0
0.5 0.75 0 1 0 0 0
0.7 0 0 1 0 0 0
-0.5 0.75 0 1 0 0 0
-0.7 0 0 1 0 0 0
0.375 -0.75 0 1 0 0 0
0 -1 0 1 0 0 0
-0.375 -0.75 0 1 0 0 0
0 -1 0 1 0 0 0
0 0.75 0 1 0 0 0
-1.03366 2.93326 0.0483804 0.796425 0.0920626 -0.59696 0.0294961
0.5 0.75 0 1 0 0 0
0.7 0 0 1 0 0 0
-0.5 0.75 0 1 0 0 0
-0.7 0 0 1 0 0 0
0.375 -0.75 0 1 0 0 0
0 -1 0 1 0 0 0
-0.375 -0.75 0 1 0 0 0
0 -1 0 1 0 0 0
0 0.75 0 1 0 0 0
4 3 5 1 0 0 0
-4 1 -4 1 0 0 0
-0.131102 -0.143344 7.51086 0.999619 0.026176 -0.00872355 0.000228434
0 -2 0 1 0 0 0
-2 1 0 1 0 0 0
0.5 0.75 0 1 0 0 0
0.7 0 0 1 0 0 0
-0.5 0.75 0 1 0 0 0
-0.7 0 0 1 0 0 0
0.375 -0.75 0 1 0 0 0
0 -1 0 1 0 0 0
-0.375 -0.75 0 1 0 0 0
0 -1 0 1 0 0 0
0 0.75 0 1 0 0 0
-0.654362 0.247227 -0.0857893 0.944716 0.0529125 -0.322635 0.0248589
0.5 0.75 0 1 0 0 0
0.7 0 0 1 0 0 0
-0.5 0.75 0 1 0 0 0
-0.7 0 0 1 0 0 0
0.375 -0.75 0 1 0 0 0
0 -1 0 1 0 0 0
-0.375 -0.75 0 1 0 0 0
0 -1 0 1 0 0 0
0 0.75 0 1 0 0 0
4 3 5 1 0 0 0
-4 1 -4 1 0 0 0
4.90304 0.773207 5.6403 0.936102 -0.0326894 0.349994 0.0122221
0 -2 0 1 0 0 0
-2 1 0 1 0 0 0
0.5 0.75 0 1 0 0 0
0.7 0 0 1 0 0 0
-0.5 0.75 0 1 0 0 0
-0.7 0 0 1 0 0 0
0.375 -0.75 0 1 0 0 0
0 -1 0 1 0 0 0
-0.375 -0.75 0 1 0 0 0
0 -1 0 1 0 0 0
0 0.75 0 1 0 0 0
-0.654362 0.247227 -0.0857893 0.944716 0.0529125 -0.322635 0.0248589
0.5 0.75 0 1 0 0 0
0.7 0 0 1 0 0 0
-0.5 0.75 0 1 0 0 0
-0.7 0 0 1 0 0 0
0.375 -0.75 0 1 0 0 0
0 -1 0 1 0 0 0
-0.375 -0.75 0 1 0 0 0
0 -1 0 1 0 0 0
0 0.75 0 1 0 0 0
4 3 5 1 0 0 0
-4 1 -4 1 0 0 0
0.450717 0.600706 4.37543 0.936102 -0.0326894 0.349994 0.0122221
0 -2 0 1 0 0 0
-2 1 0 1 0 0 0
0.5 0.75 0 1 0 0 0
0.7 0 0 1 0 0 0
-0.5 0.75 0 1 0 0 0
-0.7 0 0 1 0 0 0
0.375 -0.75 0 1 0 0 0
0 -1 0 1 0 0 0
-0.375 -0.75 0 1 0 0 0
0 -1 0 1 0 0 0
0 0.75 0 1 0 0 0
-0.654362 0.247227 -0.0857893 0.944716 0.0529125 -0.322635 0.0248589
0.5 0.75 0 1 0 0 0
0.7 0 0 1 0 0 0
-0.5 0.75 0 1 0 0 0
-0.7 0 0 1 0 0 0
0.375 -0.75 0 1 0 0 0
0 -1 0 1 0 0 0
-0.375 -0.75 0 1 0 0 0
0 -1 0 1 0 0 0
0 0.75 0 1 0 0 0
4 3 5 1 0 0 0
-4 1 -4 1 0 0 0
